6.412448600000000276e-01 2.801396000000000441e-02
-6.412448600000000276e-01 -2.801396000000000441e-02
4.543042499999999650e-01 -2.154483799999999671e-01
-4.543042499999999650e-01 2.154483799999999671e-01
1.565357199999999616e-01 -1.569572299999999754e-01
-1.565357199999999616e-01 1.569572299999999754e-01
3.896354999999995794e-02 5.146625000000000227e-01
-3.896354999999995794e-02 -5.146625000000000227e-01
7.696258400000000055e-01 4.664758399999999749e-01
-7.696258400000000055e-01 -4.664758399999999749e-01
3.128511499999999668e-01 6.733377499999999571e-01
-3.128511499999999668e-01 -6.733377499999999571e-01
8.212374199999999957e-01 1.111583500000000030e-01
-8.212374199999999957e-01 -1.111583500000000030e-01
-6.081874000000003777e-02 1.860393499999999922e-01
6.081874000000003777e-02 -1.860393499999999922e-01
-1.869406100000000071e-01 -2.434623399999999716e-01
1.869406100000000071e-01 2.434623399999999716e-01
-4.847091399999999828e-01 -1.849711899999999798e-01
4.847091399999999828e-01 1.849711899999999798e-01
-6.022813099999999586e-01 4.866485400000000183e-01
6.022813099999999586e-01 -4.866485400000000183e-01
1.283809799999999779e-01 4.384618799999999705e-01
-1.283809799999999779e-01 -4.384618799999999705e-01
-3.283937100000000053e-01 6.453237899999999527e-01
3.283937100000000053e-01 -6.453237899999999527e-01
1.799925600000000236e-01 8.314438999999999858e-02
-1.799925600000000236e-01 -8.314438999999999858e-02
-7.020636000000000099e-01 1.580253899999999878e-01
7.020636000000000099e-01 -1.580253899999999878e-01
-2.977685300000000312e-01 5.849114999999999176e-02
2.977685300000000312e-01 -5.849114999999999176e-02
-4.153407000000000071e-01 7.301108800000000176e-01
4.153407000000000071e-01 -7.301108800000000176e-01
3.153215899999999849e-01 6.819242199999999698e-01
-3.153215899999999849e-01 -6.819242199999999698e-01
-1.414530999999999983e-01 8.887861299999999520e-01
1.414530999999999983e-01 -8.887861299999999520e-01
3.669331700000000307e-01 3.266067299999999562e-01
-3.669331700000000307e-01 -3.266067299999999562e-01
-5.151229900000000583e-01 4.014877299999999871e-01
5.151229900000000583e-01 -4.014877299999999871e-01
-1.175721700000000036e-01 6.716197299999999704e-01
1.175721700000000036e-01 -6.716197299999999704e-01
6.130901199999999607e-01 6.234330699999999226e-01
-6.130901199999999607e-01 -6.234330699999999226e-01
1.563154300000000330e-01 8.302949799999999048e-01
-1.563154300000000330e-01 -8.302949799999999048e-01
6.647017000000000619e-01 2.681155799999999645e-01
-6.647017000000000619e-01 -2.681155799999999645e-01
-2.173544599999999993e-01 3.429965799999999954e-01
2.173544599999999993e-01 -3.429965799999999954e-01
7.306622899999999365e-01 -4.818665999999999228e-02
-7.306622899999999365e-01 4.818665999999999228e-02
2.738876000000000088e-01 1.586752499999999899e-01
-2.738876000000000088e-01 -1.586752499999999899e-01
7.822738700000000378e-01 -4.035041500000000059e-01
-7.822738700000000378e-01 4.035041500000000059e-01
-9.978228999999999571e-02 -3.286231499999999750e-01
9.978228999999999571e-02 3.286231499999999750e-01
-4.567746899999999832e-01 2.068619099999999822e-01
4.567746899999999832e-01 -2.068619099999999822e-01
5.161158000000004575e-02 -3.553174900000000136e-01
-5.161158000000004575e-02 3.553174900000000136e-01
-8.304445799999999878e-01 -2.804364899999999827e-01
8.304445799999999878e-01 2.804364899999999827e-01
5.083862700000000290e-01 -5.621793999999999958e-01
-5.083862700000000290e-01 5.621793999999999958e-01
-3.736698900000000045e-01 -4.872983999999999649e-01
3.736698900000000045e-01 4.872983999999999649e-01
-8.820561600000000890e-01 7.488100000000000311e-02
8.820561600000000890e-01 -7.488100000000000311e-02
